
11=0000 0000  0000 0000  0000 0000 0000 1011
-11= 正数按位取反再加一= 1111 1111  1111 1111  1111 1111  1111 0100 +1=1111 1111  1111 1111  1111 1111  1111 0101
>> 右移：在没有溢出的时候，每右移一位相当于除2，位移n位就相当于除以2^n,
    正数补0，负数补1

11 >> 2= 00 0000 0000  0000 0000  0000 0000 0000 10 =2;
-11 >> 2= = 11 1111 1111  1111 1111  1111 1111  1111 01 = -00 0000 0000  0000 0000  0000 0000 0000 10 -1= -3;



<< 左移：在没有溢出的时候，每右移一位相当于*2，位移n位就相当于乘以2^n,

11 << 2= 00 0000  0000 0000  0000 0000 0000 1011 00 = 11 * 2^2=44
-11 << 2= 11 1111  1111 1111  1111 1111 1111 1011 11= -11 * 2^2=-44

>>> 无符号右移：左边补0，所以正数的无符号右移是和>>一样的，负数则不一样

-11 >>> 2= = 00 1111 1111  1111 1111  1111 1111  1111 01 = 00 1111 1111  1111 1111  1111 1111  1111 01 -1= ;